U  GTH-PBE-q24
    4    6   11    3
     0.16948389056823    2     6.35634169717573   492.90578755062546
    4
     0.44896793832066    2   485.68914404346543  -156.65106767778209
                                                   54.00862529049978
     0.36710230241430    2    -5.58347559798226   -11.26205735428971
                                                   24.21665967266469
     0.18886333055501    1  -113.10349584188660
     0.16395979013068    1  -160.45725792602803
#
Cl GTH-PBE-q7 GTH-PBE
    2    5
     0.41000000    1    -6.39208181
    2
     0.33953864    2    15.21898983    -4.93452321
                                        6.37044208
     0.37847416    1     4.33877527

